[gd_scene load_steps=9 format=3 uid="uid://c8ii4svhsjdon"]

[sub_resource type="ProceduralSkyMaterial" id="ProceduralSkyMaterial_gfepk"]

[sub_resource type="Sky" id="Sky_o4vc8"]
sky_material = SubResource("ProceduralSkyMaterial_gfepk")

[sub_resource type="Environment" id="Environment_cugla"]
background_mode = 2
sky = SubResource("Sky_o4vc8")
tonemap_mode = 2
glow_enabled = true
volumetric_fog_enabled = true

[sub_resource type="CylinderMesh" id="CylinderMesh_krnq4"]
top_radius = 0.05
bottom_radius = 0.05
height = 0.2

[sub_resource type="CylinderMesh" id="CylinderMesh_hq2kl"]
top_radius = 0.05
bottom_radius = 0.05
height = 0.2

[sub_resource type="ViewportTexture" id="ViewportTexture_j6s28"]
viewport_path = NodePath("Billboard/Display/SubViewport")

[sub_resource type="BoxShape3D" id="BoxShape3D_8ta2l"]
size = Vector3(3, 1.5, 0.075)

[sub_resource type="BoxMesh" id="BoxMesh_ht7qw"]
size = Vector3(3, 1.5, 0.05)

[node name="Mist" type="Node3D"]

[node name="DirectionalLight3D" type="DirectionalLight3D" parent="."]
transform = Transform3D(-0.866025, -0.433013, 0.250001, -0.264382, 0.820957, 0.506094, -0.424385, 0.372194, -0.825451, 0, 0, 0)
light_energy = 0.515
shadow_enabled = true

[node name="WorldEnvironment" type="WorldEnvironment" parent="."]
environment = SubResource("Environment_cugla")

[node name="CSGBox3D" type="CSGBox3D" parent="."]
transform = Transform3D(1, 0, 0, 0, 1, 0, 0, 0, 1, 0, -2.47736, 0)
use_collision = true
collision_layer = 5
collision_mask = 5
size = Vector3(25, 5, 25)

[node name="SpotLight3D" type="SpotLight3D" parent="."]
transform = Transform3D(0.707107, -0.5, 0.5, 0, 0.707107, 0.707107, -0.707107, -0.5, 0.5, 10, 10, 10)
light_energy = 20.0
light_volumetric_fog_energy = 10.0
shadow_enabled = true
spot_range = 75.0
spot_angle = 20.0

[node name="SpotLight3D2" type="SpotLight3D" parent="."]
transform = Transform3D(-0.707107, -0.5, 0.5, 0, 0.707107, 0.707107, -0.707107, 0.5, -0.5, 10, 10, -10)
light_energy = 20.0
light_volumetric_fog_energy = 10.0
light_size = 0.232
shadow_enabled = true
spot_range = 75.0
spot_angle = 20.0

[node name="SpotLight3D3" type="SpotLight3D" parent="."]
transform = Transform3D(0.707107, 0.5, -0.5, 0, 0.707107, 0.707107, 0.707107, -0.5, 0.5, -10, 10, 10)
light_energy = 20.0
light_volumetric_fog_energy = 10.0
light_size = 0.232
shadow_enabled = true
spot_range = 75.0
spot_angle = 20.0

[node name="SpotLight3D4" type="SpotLight3D" parent="."]
transform = Transform3D(-0.707107, 0.5, -0.5, 0, 0.707107, 0.707107, 0.707107, 0.5, -0.5, -10, 10, -10)
light_energy = 20.0
light_volumetric_fog_energy = 10.0
light_size = 0.232
shadow_enabled = true
spot_range = 75.0
spot_angle = 20.0

[node name="Billboard" type="StaticBody3D" parent="."]
transform = Transform3D(1, 0, 0, 0, 1, 0, 0, 0, 1, 3, 0.75, -12)

[node name="Left Lamp" type="SpotLight3D" parent="Billboard"]
transform = Transform3D(0.965926, -7.19671e-09, -0.258819, -0.0669873, 0.965926, -0.25, 0.25, 0.258819, 0.933013, -1.2, -0.7, 1)

[node name="Mesh" type="MeshInstance3D" parent="Billboard/Left Lamp"]
transform = Transform3D(1, 0, 0, 0, -4.37114e-08, -1, 0, 1, -4.37114e-08, 0, 0, 0)
mesh = SubResource("CylinderMesh_krnq4")
skeleton = NodePath("../..")

[node name="Right Lamp" type="SpotLight3D" parent="Billboard"]
transform = Transform3D(0.965926, 6.94284e-09, 0.258819, 0.0669873, 0.965926, -0.25, -0.25, 0.258819, 0.933013, 1.2, -0.7, 1)

[node name="Mesh" type="MeshInstance3D" parent="Billboard/Right Lamp"]
transform = Transform3D(1, 0, 0, 0, -4.37114e-08, -1, 0, 1, -4.37114e-08, 0, 0, 0)
mesh = SubResource("CylinderMesh_hq2kl")
skeleton = NodePath("../../Billboard Mesh")

[node name="Display" type="Sprite3D" parent="Billboard"]
transform = Transform3D(0.157, 0, 0, 0, 0.14, 0, 0, 0, 0.14, 0, 0, 0.0299997)
texture = SubResource("ViewportTexture_j6s28")

[node name="SubViewport" type="SubViewport" parent="Billboard/Display"]
disable_3d = true
transparent_bg = true
handle_input_locally = false
size = Vector2i(1920, 1080)

[node name="Panel" type="Panel" parent="Billboard/Display/SubViewport"]
offset_left = 84.0
offset_top = 37.0
offset_right = 476.0
offset_bottom = 613.0

[node name="RichTextLabel" type="RichTextLabel" parent="Billboard/Display/SubViewport/Panel"]
layout_mode = 1
anchors_preset = 15
anchor_right = 1.0
anchor_bottom = 1.0
offset_left = 1.0
offset_right = -196.0
offset_bottom = -288.0
grow_horizontal = 2
grow_vertical = 2
scale = Vector2(2, 2)
text = "\"Terrorism Stops NOW\", Officals say... America's terrorism issue has only gotten worse, with the discovery of the High Power Ballistic Nullified Pneumatic Nail Gun x86 with a High Precision Dot Sight shooting 16-Gauge leaded Nails; the 50 Pound \"Tactical\" Air Tank has been banned."

[node name="CollisionShape3D" type="CollisionShape3D" parent="Billboard"]
shape = SubResource("BoxShape3D_8ta2l")

[node name="Billboard Mesh" type="MeshInstance3D" parent="Billboard"]
mesh = SubResource("BoxMesh_ht7qw")
skeleton = NodePath("../..")
